Year	month	CO2	IcePct	IceArea	Snow	ElNino
1978	11	333.76	12.02	8.95	31.49	21.99
1978	12	334.83	14.12	10.85	43.65	23.30
1979	1	336.21	15.54	12.33	49.12	24.77
1979	2	336.64	16.31	13.11	47.42	25.70
1979	3	338.13	16.44	13.13	43.50	26.26
1979	4	338.96	15.46	12.43	34.50	25.39
1979	5	339.02	14.06	11.04	22.81	24.13
1979	6	339.20	12.59	9.28	12.16	23.29
1979	7	337.60	10.47	6.59	5.94	22.18
1979	8	335.56	8.15	4.96	4.16	21.20
1979	9	333.93	7.20	4.53	5.46	21.30
1979	10	334.12	9.39	6.11	14.70	21.61
1979	11	335.26	11.16	8.29	28.20	22.20
1979	12	336.78	13.54	10.55	37.69	23.25
1980	1	337.80	14.96	11.85	45.62	24.77
1980	2	338.28	15.98	12.82	48.22	25.77
1980	3	340.04	16.13	12.92	42.54	26.61
1980	4	340.86	15.49	12.45	33.46	25.80
1980	5	341.47	14.04	10.88	20.56	24.54
1980	6	341.26	12.31	8.93	10.92	23.27
1980	7	339.34	10.39	6.45	5.42	21.52
1980	8	337.45	8.04	4.84	4.25	20.77
1980	9	336.10	7.85	4.83	4.93	20.66
1980	10	336.05	9.46	6.42	13.61	20.36
1980	11	337.21	11.69	8.64	31.20	21.56
1980	12	338.29	13.72	10.71	37.28	22.54
1981	1	339.36	15.03	11.82	41.69	23.48
1981	2	340.51	15.65	12.45	43.48	25.21
1981	3	341.57	15.61	12.62	42.46	26.31
1981	4	342.56	15.12	12.16	33.54	25.03
1981	5	343.01	13.90	10.93	22.47	24.06
1981	6	342.52	12.57	8.96	13.44	22.75
1981	7	340.71	10.62	6.23	5.82	21.38
1981	8	338.51	7.86	4.38	4.57	20.52
1981	9	336.96	7.25	4.38	4.56	19.93
1981	10	337.13	9.19	6.19	16.74	20.55
1981	11	338.58	11.17	8.23	33.45	21.41
1981	12	339.91	13.74	10.47	43.49	23.00
1982	1	340.92	15.26	12.11	47.95	24.29
1982	2	341.69	16.06	12.79	45.99	25.49
1982	3	342.87	16.15	12.99	40.49	25.21
1982	4	343.83	15.57	12.55	31.67	24.50
1982	5	344.30	14.17	11.10	18.91	23.97
1982	6	343.42	12.69	9.40	9.11	22.89
1982	7	341.85	10.75	6.79	3.30	22.47
1982	8	339.82	8.26	4.92	3.06	21.75
1982	9	337.98	7.45	4.38	5.41	21.80
1982	10	338.09	9.98	6.60	17.43	22.94
1982	11	339.24	11.91	8.97	33.56	24.59
1982	12	340.67	13.83	10.81	42.78	26.13
1983	1	341.42	15.10	11.92	46.26	27.42
1983	2	342.67	16.02	12.86	46.56	28.09
1983	3	343.45	16.10	12.84	40.24	28.68
1983	4	345.08	15.30	12.12	30.04	28.56
1983	5	345.76	13.54	10.80	20.96	28.19
1983	6	345.32	12.35	9.20	10.37	27.44
1983	7	343.93	10.91	6.79	4.28	25.95
1983	8	342.08	8.36	4.88	3.15	23.78
1983	9	340.00	7.52	4.64	5.11	22.24
1983	10	340.12	9.64	6.70	17.16	21.86
1983	11	341.35	11.64	8.91	32.50	21.90
1983	12	342.89	13.44	10.56	44.15	23.01
1984	1	343.87	14.60	11.60	46.25	24.18
1984	2	344.59	15.32	12.17	44.86	25.18
1984	3	345.29	15.62	12.48	40.91	26.00
1984	4	346.83	15.15	12.10	30.54	25.16
1984	5	347.36	13.68	10.81	18.50	23.23
1984	6	346.80	12.20	9.02	8.47	21.96
1984	7	345.37	10.15	6.19	3.41	21.24
1984	8	343.06	7.87	4.59	2.53	20.17
1984	9	341.24	7.17	4.05	3.94	20.37
1984	10	341.54	8.84	5.84	17.43	20.52
1984	11	342.90	11.29	8.15	33.28	21.50
1984	12	344.36	13.18	10.19	42.10	22.58
1985	1	345.08	14.85	11.60	49.87	23.59
1985	2	345.89	15.67	12.39	48.21	24.87
1985	3	347.49	16.06	12.66	44.02	25.74
1985	4	348.02	15.34	12.46	32.59	24.25
1985	5	348.75	14.23	11.19	22.49	22.29
1985	6	348.19	12.40	8.88	13.42	21.75
1985	7	346.49	10.09	5.89	4.96	20.44
1985	8	344.70	7.46	4.51	3.00	19.29
1985	9	343.04	6.93	4.17	4.56	19.44
1985	10	342.92	8.88	6.03	17.45	19.90
1985	11	344.22	11.39	8.35	37.75	20.69
1985	12	345.61	13.19	10.15	45.99	22.40
1986	1	346.42	15.02	11.79	46.10	24.61
1986	2	346.95	15.89	12.53	47.64	26.06
1986	3	347.88	16.08	12.65	39.73	25.91
1986	4	349.57	15.15	11.95	30.30	24.58
1986	5	350.35	13.52	10.63	20.49	23.38
1986	6	349.70	12.10	8.93	11.05	21.98
1986	7	347.78	10.47	6.53	4.29	21.12
1986	8	345.89	8.01	4.92	3.01	20.97
1986	9	344.88	7.54	4.66	6.53	20.44
1986	10	344.34	9.89	6.77	17.44	21.07
1986	11	345.67	11.78	8.81	33.78	22.03
1986	12	346.89	13.40	10.46	41.67	23.00
1987	1	348.20	15.20	11.81	47.49	25.30
1987	2	348.55	16.11	12.93	45.46	27.14
1987	3	349.56	15.95	12.75	43.38	28.01
1987	4	351.12	15.33	12.27	30.97	27.17
1987	5	351.84	13.81	10.91	18.57	25.58
1987	6	351.45	12.57	9.32	12.17	24.06
1987	7	349.77	9.98	6.84	5.20	22.78
1987	8	347.62	7.69	5.35	2.75	21.73
1987	9	346.37	7.48	5.60	5.20	21.45
1987	10	346.48	9.29	7.44	13.35	22.39
1987	11	347.80	11.52	9.67	32.03	22.63
1987	12	349.03	12.88	10.94	42.31	23.47
1988	1	350.23	14.25	12.22	47.14	24.64
1988	2	351.58	15.61	13.49	45.14	25.74
1988	3	352.22	16.13	13.84	39.67	25.78
1988	4	353.53	15.21	13.11	28.98	24.54
1988	5	354.14	13.69	11.35	18.82	23.60
1988	6	353.64	12.02	9.62	8.07	21.27
1988	7	352.53	10.04	6.93	3.36	20.26
1988	8	350.42	7.90	5.34	2.32	19.12
1988	9	348.84	7.49	5.31	4.07	19.19
1988	10	348.94	9.47	7.47	12.79	19.50
1988	11	349.99	11.69	9.86	31.50	20.55
1988	12	351.29	13.78	11.94	41.09	21.80
1989	1	352.72	15.12	13.11	45.65	24.09
1989	2	353.10	15.56	13.28	44.00	26.26
1989	3	353.64	15.52	13.14	38.39	26.66
1989	4	355.43	14.44	12.26	29.98	25.63
1989	5	355.70	12.98	11.30	18.06	23.18
1989	6	355.11	12.31	9.90	9.21	22.00
1989	7	353.79	10.38	7.24	4.02	21.12
1989	8	351.42	7.92	5.48	2.42	20.32
1989	9	349.83	7.04	4.81	5.76	19.87
1989	10	350.10	9.52	6.90	16.68	20.33
1989	11	351.26	11.50	9.38	32.70	21.31
1989	12	352.66	13.47	11.53	44.72	22.19
1990	1	353.63	14.95	12.72	45.42	24.02
1990	2	354.72	15.56	13.33	43.28	25.88
1990	3	355.49	15.88	13.44	36.98	26.16
1990	4	356.10	14.68	12.16	28.07	25.22
1990	5	357.08	13.30	10.84	17.04	24.05
1990	6	356.11	11.68	9.12	7.19	22.68
1990	7	354.67	9.62	6.44	2.99	21.00
1990	8	352.67	6.82	4.92	2.39	20.25
1990	9	351.05	6.24	4.50	3.85	20.13
1990	10	351.36	9.35	6.67	15.26	20.28
1990	11	352.81	11.31	9.58	30.13	20.84
1990	12	354.21	13.27	11.40	43.98	22.45
1991	1	354.87	14.46	12.49	45.99	23.86
1991	2	355.67	15.26	13.15	45.32	25.97
1991	3	357.00	15.50	13.35	39.28	26.51
1991	4	358.40	14.93	12.79	28.51	24.99
1991	5	359.00	13.51	11.44	18.87	24.37
1991	6	357.99	12.23	9.60	10.66	23.05
1991	7	355.96	9.68	6.66	3.41	22.05
1991	8	353.78	7.40	5.14	3.03	21.08
1991	9	352.20	6.55	4.46	4.22	20.75
1991	10	352.22	9.16	6.70	15.58	21.13
1991	11	353.70	11.12	9.19	34.23	22.18
1991	12	354.98	13.17	11.19	42.79	23.43
1992	1	356.08	14.72	12.54	45.96	24.83
1992	2	356.84	15.50	13.51	43.30	26.68
1992	3	357.73	15.47	13.41	38.37	27.76
1992	4	358.91	14.70	12.76	28.76	27.68
1992	5	359.45	13.25	11.37	18.91	26.31
1992	6	359.19	12.13	9.89	10.29	23.82
1992	7	356.72	10.61	7.14	3.61	21.95
1992	8	354.77	7.86	5.35	2.45	20.55
1992	9	352.80	7.55	5.37	5.81	20.06
1992	10	353.21	9.60	7.69	16.77	20.82
1992	11	354.15	11.87	9.69	33.92	21.49
1992	12	355.39	13.45	11.66	45.47	22.48
1993	1	356.76	15.08	12.85	46.61	24.43
1993	2	357.17	15.73	13.54	45.02	26.49
1993	3	358.26	15.88	13.71	39.59	27.17
1993	4	359.17	15.18	12.95	28.31	26.44
1993	5	360.07	13.54	11.35	18.62	25.15
1993	6	359.41	11.99	9.20	7.93	23.76
1993	7	357.36	9.66	6.17	3.34	22.06
1993	8	355.29	7.29	4.65	2.64	21.05
1993	9	353.96	6.50	4.52	5.39	20.83
1993	10	354.03	9.19	6.98	18.22	20.99
1993	11	355.27	11.73	9.49	38.41	21.64
1993	12	356.70	13.52	11.41	43.78	22.75
1994	1	358.05	14.82	12.80	45.01	24.32
1994	2	358.80	15.61	13.46	45.67	25.79
1994	3	359.67	15.58	13.47	39.22	25.43
1994	4	361.13	14.95	12.84	29.69	24.32
1994	5	361.48	13.73	11.60	18.68	23.22
1994	6	360.60	12.10	9.62	9.02	22.43
1994	7	359.20	10.22	6.85	3.29	21.21
1994	8	357.23	7.61	5.10	2.72	19.70
1994	9	355.42	7.18	5.08	4.88	20.16
1994	10	355.89	9.48	7.17	14.24	21.53
1994	11	357.41	11.30	9.64	33.50	22.41
1994	12	358.74	13.53	11.43	43.32	23.61
1995	1	359.73	14.62	12.72	45.86	25.33
1995	2	360.61	15.24	13.30	42.45	26.43
1995	3	361.60	15.32	13.27	38.10	26.12
1995	4	363.05	14.59	12.32	32.86	24.47
1995	5	363.62	13.04	10.76	19.30	23.10
1995	6	363.03	11.55	8.86	9.50	22.45
1995	7	361.55	9.15	6.05	3.98	21.23
1995	8	358.94	6.68	4.61	3.54	20.01
1995	9	357.93	6.13	4.38	6.27	20.17
1995	10	357.80	8.94	5.91	17.53	20.15
1995	11	359.22	10.97	8.95	34.92	21.20
1995	12	360.42	12.98	11.02	43.86	22.02
1996	1	361.83	14.21	12.07	46.65	23.84
1996	2	362.94	15.17	12.90	44.78	25.71
1996	3	363.91	15.12	12.83	41.64	26.09
1996	4	364.28	14.22	12.23	33.02	23.85
1996	5	364.93	13.06	11.22	20.72	22.89
1996	6	364.70	12.10	9.78	11.28	21.56
1996	7	363.31	10.36	7.36	3.98	20.02
1996	8	361.15	8.17	5.65	2.61	19.53
1996	9	359.41	7.88	5.58	6.61	19.24
1996	10	359.34	9.39	7.50	19.13	19.95
1996	11	360.62	10.56	8.70	35.09	20.26
1996	12	361.96	13.14	10.96	41.70	21.61
1997	1	362.81	14.47	12.30	46.46	23.67
1997	2	363.87	15.51	13.36	45.33	25.74
1997	3	364.25	15.58	13.24	38.83	26.95
1997	4	366.02	14.59	12.48	30.91	26.64
1997	5	366.47	13.32	11.17	19.96	26.71
1997	6	365.37	11.91	9.14	10.12	26.27
1997	7	364.10	9.59	6.41	4.35	25.59
1997	8	361.89	7.30	5.03	3.64	24.80
1997	9	360.05	6.74	4.84	6.87	24.40
1997	10	360.49	8.76	6.39	17.53	24.58
1997	11	362.21	10.91	9.00	34.33	25.63
1997	12	364.12	13.29	11.19	44.07	26.92
1998	1	365.00	14.81	12.73	45.83	28.22
1998	2	365.82	15.77	13.70	44.54	28.98
1998	3	366.95	15.66	13.50	41.19	29.15
1998	4	368.42	14.89	12.76	30.83	28.61
1998	5	369.33	13.80	11.35	18.83	27.69
1998	6	368.78	11.85	9.11	9.50	25.18
1998	7	367.59	9.62	6.38	3.94	23.43
1998	8	365.81	7.49	4.61	3.15	21.77
1998	9	363.83	6.56	4.24	5.97	20.87
1998	10	364.18	8.85	6.65	19.38	21.16
1998	11	365.36	10.75	8.82	33.85	21.43
1998	12	366.87	13.26	10.85	43.48	22.56
1999	1	367.97	14.47	12.54	44.44	23.73
1999	2	368.83	15.37	13.38	43.61	25.64
1999	3	369.46	15.40	13.47	39.49	26.62
1999	4	370.77	15.13	13.08	29.61	24.30
1999	5	370.66	13.86	11.61	18.92	23.46
1999	6	370.10	12.10	9.18	8.62	21.83
1999	7	369.10	9.59	6.49	3.49	20.44
1999	8	366.70	7.38	4.67	2.64	19.75
1999	9	364.61	6.24	4.22	4.95	19.23
1999	10	365.17	9.10	6.77	17.39	20.05
1999	11	366.51	10.99	9.21	33.59	20.51
1999	12	367.86	12.88	10.93	42.27	21.72
2000	1	369.07	14.41	12.22	46.97	23.86
2000	2	369.32	15.18	13.02	44.98	25.71
2000	3	370.38	15.27	13.10	38.91	26.19
2000	4	371.63	14.63	12.51	29.09	25.84
2000	5	371.32	13.18	11.18	19.10	24.10
2000	6	371.51	11.71	8.99	9.49	22.25
2000	7	369.69	9.75	6.31	3.46	20.59
2000	8	368.18	7.21	4.71	2.80	20.10
2000	9	366.87	6.32	4.31	6.36	19.94
2000	10	366.94	8.92	6.64	18.31	20.37
2000	11	368.27	10.54	8.81	34.65	20.60
2000	12	369.62	12.81	10.90	43.74	22.22
2001	1	370.47	14.31	12.27	46.46	23.88
2001	2	371.44	15.27	13.13	44.90	25.91
2001	3	372.39	15.61	13.57	39.91	27.44
2001	4	373.32	14.86	12.99	29.43	26.69
2001	5	373.77	13.72	11.32	17.43	23.77
2001	6	373.13	11.69	9.01	8.54	21.74
2001	7	371.51	9.22	6.22	3.54	20.88
2001	8	369.59	7.47	4.87	2.73	19.90
2001	9	368.12	6.75	4.55	5.89	19.39
2001	10	368.38	8.59	6.59	18.80	19.52
2001	11	369.64	10.92	9.02	31.57	20.49
2001	12	371.11	12.84	10.49	44.66	21.96
2002	1	372.38	14.45	12.18	46.42	23.64
2002	2	373.08	15.36	13.36	42.46	26.06
2002	3	373.87	15.44	13.36	37.30	27.53
2002	4	374.93	14.37	12.35	30.26	26.53
2002	5	375.58	13.12	11.11	19.28	24.80
2002	6	375.44	11.69	9.13	9.11	22.67
2002	7	373.91	9.49	6.34	3.37	21.01
2002	8	371.77	6.53	4.23	2.85	19.94
2002	9	370.72	5.96	3.98	5.92	19.89
2002	10	370.50	8.81	6.20	23.03	21.16
2002	11	372.19	10.78	8.69	35.08	22.25
2002	12	373.71	12.82	10.58	45.25	23.44
2003	1	374.92	14.46	12.21	47.36	24.38
2003	2	375.63	15.25	13.16	47.88	25.81
2003	3	376.51	15.49	13.36	41.20	25.97
2003	4	377.75	14.57	12.38	31.05	24.44
2003	5	378.54	13.00	10.82	19.88	22.49
2003	6	378.21	11.77	9.05	10.10	21.58
2003	7	376.65	9.46	6.06	3.40	20.75
2003	8	374.28	6.85	4.44	2.76	20.14
2003	9	373.12	6.15	4.01	5.18	20.00
2003	10	373.10	8.65	5.93	18.07	20.99
2003	11	374.67	10.29	8.50	35.15	21.92
2003	12	375.97	12.82	10.74	43.08	22.99
2004	1	377.03	14.03	12.19	47.48	24.60
2004	2	377.87	14.93	12.87	44.84	25.81
2004	3	378.88	15.05	12.93	38.18	25.94
2004	4	380.42	14.11	12.08	29.09	25.32
2004	5	380.62	12.58	10.86	20.05	23.05
2004	6	379.66	11.51	9.18	9.54	21.60
2004	7	377.48	9.60	6.43	3.73	20.71
2004	8	376.07	6.83	4.57	2.57	19.62
2004	9	374.10	6.05	4.35	5.16	20.07
2004	10	374.47	8.48	6.35	19.63	20.92
2004	11	376.15	10.65	8.90	33.76	21.96
2004	12	377.51	12.72	10.91	43.63	22.94
2005	1	378.43	13.66	11.84	46.05	24.47
2005	2	379.70	14.36	12.27	47.00	25.49
2005	3	380.91	14.74	12.67	40.60	25.60
2005	4	382.20	14.07	12.16	29.22	24.90
2005	5	382.45	12.99	10.83	17.37	24.40
2005	6	382.14	11.29	8.74	8.87	22.47
2005	7	380.60	8.93	5.81	3.37	21.18
2005	8	378.60	6.30	4.14	2.64	20.61
2005	9	376.72	5.57	4.03	4.91	19.71
2005	10	376.98	8.45	5.71	16.56	19.72
2005	11	378.29	10.47	8.73	31.52	20.62
2005	12	380.07	12.47	10.51	43.85	22.29
2006	1	381.36	13.60	11.57	47.38	24.33
2006	2	382.19	14.42	12.28	45.36	26.46
2006	3	382.65	14.43	12.44	40.53	26.77
2006	4	384.65	13.97	11.97	29.79	24.15
2006	5	384.94	12.62	10.39	18.32	23.86
2006	6	384.01	11.06	8.34	8.35	22.77
2006	7	382.15	8.67	5.71	3.50	22.19
2006	8	380.33	6.52	4.24	2.62	21.59
2006	9	378.81	5.92	3.97	4.43	21.43
2006	10	379.06	8.33	5.74	20.09	22.22
2006	11	380.17	9.84	8.07	33.94	22.69
2006	12	381.85	12.27	10.10	41.84	23.45
2007	1	382.88	13.77	11.79	44.87	24.99
2007	2	383.77	14.53	12.52	44.74	26.24
2007	3	384.42	14.65	12.49	39.13	25.74
2007	4	386.36	13.87	11.75	28.13	24.30
2007	5	386.53	12.89	10.71	17.00	22.73
2007	6	386.01	11.49	8.15	8.23	21.59
2007	7	384.45	8.13	5.03	3.02	20.27
2007	8	381.96	5.36	3.11	2.39	19.16
2007	9	380.81	4.30	2.78	4.29	18.57
2007	10	381.09	6.77	4.21	15.93	18.80
2007	11	382.37	10.05	8.00	32.87	19.49
2007	12	383.84	12.39	10.11	44.08	21.02
2008	1	385.42	14.04	11.89	49.78	23.86
2008	2	385.72	14.98	12.81	46.87	26.32
2008	3	385.96	15.23	13.16	37.41	27.30
2008	4	387.18	14.46	12.41	28.93	25.89
2008	5	388.50	13.16	10.83	17.29	24.41
2008	6	387.88	11.46	8.47	6.72	23.55
2008	7	386.38	9.06	5.70	2.52	22.63
2008	8	384.15	6.06	3.43	2.62	21.79
2008	9	383.07	4.68	2.93	5.27	21.19
2008	10	382.98	8.39	5.40	16.59	20.75
2008	11	384.11	10.63	8.70	32.01	21.44
2008	12	385.54	12.53	10.62	43.44	22.43
2009	1	386.92	14.07	11.91	47.14	24.42
2009	2	387.41	14.84	12.81	44.50	26.03
2009	3	388.77	15.16	13.04	39.32	26.38
2009	4	389.46	14.58	12.54	29.17	25.98
2009	5	390.18	13.39	11.08	17.96	24.83
2009	6	389.43	11.48	8.86	7.12	23.73
2009	7	387.74	8.81	5.71	2.68	22.63
2009	8	385.91	6.26	3.79	2.40	21.64
2009	9	384.77	5.36	3.42	4.30	20.82
2009	10	384.38	7.50	4.85	20.73	20.96
2009	11	385.99	10.26	7.98	34.44	22.11
2009	12	387.27	12.48	10.17	45.86	23.16
2010	1	388.45	13.78	11.59	48.27	24.82
