ticker	sector	target.price	price	DivGrow	EpsCgrow	EpsGrow	CashFlowGrow	SalesGrow	PE	PE5yr	price.book	price.sales	price.sales5yr	yield	yield5yr
DPM	Utilities	1.13	47.93	4.7	32	32	-99.2	5	20.9	6.2	2.42	1.62	0.74	5.9	8.3
SXL	Energy	1.05	64.24	11.1	30.4	30.4	40.6	12.2	14.7	6.8	1.26	0.47	0.27	3.7	6.7
HWKN	BasicM	1.07	37.08	7.2	14.5	13	1.1	13.4	21.9	6.8	2.23	1.1	0.96	1.9	2.4
CVX	Energy	1.06	120.43	9.2	8.8	8.8	-20.6	1.8	9.8	6.9	1.62	0.99	0.76	3.3	3.4
MUR	Energy	1.11	67.42	11.7	4.8	4.2	-34.6	9.3	13.9	7.5	1.39	0.45	0.48	1.9	1.8
CCE	ConsNC	1.02	37.4	21.7	8.2	8.2	-6.5	5.2	17.8	7.7	4.85	1.27	0.85	2.1	2
AFSI	Finance	1.08	35.72	28.8	12.1	12.1	11.6	26.5	10.4	7.8	2.2	1.15	0.92	1.4	1.9
OXY	Energy	1.14	88.21	18.1	-1.1	-2.5	-27.5	3.9	16.1	8	1.7	2.93	3.14	2.9	2
TGH	Services	0.98	34.86	7.4	19.5	19.5	-33.2	12.8	9.2	8.2	1.85	3.86	3.04	5.4	5.6
TCAP	Finance	1.01	29.17	15.6	11.4	11.4	2.3	48.1	11.1	8.3	1.87	7.96	4.73	7.4	12.5
OKS	Utilities	1.06	49.59	5.4	7.7	7.7	-21.7	11.8	20	8.3	2.55	1.02	0.79	5.8	7
ENB	Utilities	1.23	40.95	12.9	-9.5	-9.5	-17.4	16.3	54.6	8.3	4.19	1.21	1	3	3.3
HCC	Finance	1.11	42.2	8.8	2	2	0.4	1.8	10.4	8.5	1.19	1.64	1.25	2.1	2.1
XOM	Energy	1.07	87.16	9.7	5.8	5.8	-13.2	3.4	11	8.8	2.33	0.9	0.9	2.9	2.4
CBRL	Services	1.05	98.42	15.5	10.2	-5.3	39.1	1.9	19.9	8.9	5.14	0.88	0.38	3	2.3
TRV	Finance	1.06	79.9	9.6	-1.9	-1.9	-0.9	-0.2	10.3	9.1	1.21	1.16	0.99	2.5	2.8
NUE	BasicM	1	45.49	-9.7	-20.5	-20.5	-18	3.2	35	9.1	1.92	0.79	0.8	3.2	3.5
NKSH	Finance	0.84	36.53	7.7	7.1	7.1	7.7	-0.8	14.4	9.4	1.74	5.34	3.57	3	3.7
TMK	Finance	1	68.89	11.6	8	8	10.8	0.6	12.2	9.5	1.66	1.71	1.19	1	1.3
DRI	Services	1.14	46.21	22.7	4	3.5	-17	5.2	14.8	9.6	2.92	0.7	0.69	4.8	3.3
WMB	Energy	1.09	36.24	25.1	-3.4	-3.5	-10.1	-6.1	39	9.7	5.28	3.44	1.66	4.1	3.1
NGLS	Energy	1.08	48.86	16	8.2	8.2	-24.2	-3	125.3	9.7	2.86	0.88	0.33	5.9	9.1
AZN	Health	1.01	49.21	8.4	5.9	5.9	-20.1	-1.1	12.6	9.8	2.65	2.32	1.91	5.7	5.7
SBSI	Finance	0.85	24.88	20.8	15	15	32.4	1.9	12.7	9.8	1.89	4.07	2.46	3.2	4.2
CNP	Utilities	1.1	22.93	3.6	-4.4	-4.4	19.2	-5	52.1	9.9	2.34	1.21	0.7	3.6	5.5
BHB	Finance	1.2	36	4.1	6.3	6.3	16.7	-0.4	11.3	10	1.17	2.79	1.95	3.5	3.8
RBC	CapGood	1.08	63.7	4.9	4.8	4.8	4.9	11.9	15.1	10	1.43	0.93	0.79	1.3	1.4
APU	Energy	1.02	42.5	3.3	-15.3	-15.3	2	5.1	23.1	10	2.68	1.25	0.91	7.9	7.7
NS	Energy	1.14	41.71	2.7	-25.4	-27.3	-6.4	32.2	88.7	10	1.37	0.72	0.66	10.5	8.3
ENSG	Health	1.09	38.65	8.9	6.3	6.3	24.8	14.9	50.2	10.1	2.57	0.99	0.66	0.7	1
IMO	Energy	1.09	41.79	6.5	5.3	5.3	-20.6	4.2	11.5	10.3	2.12	1.16	1.32	1.1	1
CINF	Finance	1	45.68	2.7	-12.4	-12.4	0.1	-0.7	13.2	10.3	1.31	1.73	1.2	3.7	5.6
TCP	Utilities	0.98	48.32	3.9	0.2	0.2	-19.4	3.9	22.8	10.3	1.72	15.94	9.08	6.7	7.9
EOG	Energy	1.06	157.05	13.2	-13.7	-13.7	-19.5	22.5	42.8	10.3	2.95	3.22	3.24	0.5	0.6
CAT	CapGood	1.09	82.54	7.9	9.4	9.4	-18.7	7.9	13	10.4	3.04	0.89	0.91	2.9	2.6
CB	Finance	1.02	83.17	7.2	-4.3	-4.3	0	-0.7	11.8	10.5	1.4	1.57	1.34	2.1	2.7
BR	Finance	1.02	29.76	24.6	5.2	4.7	-17.8	2.7	17.5	10.5	4.4	1.48	1.15	2.8	2.7
PII	ConsCyc	1.02	109.21	16.8	23.2	23.5	17	12.5	22.9	10.5	9.31	2.23	1.03	1.5	3.1
DOV	BasicM	1	85.05	11.6	6.6	6.4	7.9	2.1	16	10.6	2.92	1.74	1.28	1.8	2.4
EEP	Energy	1.07	29.82	2.9	4.3	0.8	11.2	-1.3	62.1	10.6	2.17	1.4	0.82	7.3	8.5
LANC	ConsNC	0.98	73.77	6.5	19.5	25.8	-30.1	3.5	18.5	10.7	4.02	1.73	1.3	2.2	2.6
CMS	Utilities	1.12	26.53	36.9	38.7	27.8	27.7	-0.7	16.4	10.8	2.11	1.07	0.65	3.8	3.8
NTT	Services	1.21	25.38	9.8	-1.3	-1.3	-28.4	0	11.2	11	0.71	0.55	0.56	3.5	2.8
SRE	Utilities	1.04	84.42	14.1	-3.9	-3.4	-47.3	-3.3	21.2	11	1.92	1.96	1.34	3	3.4
AIZ	Finance	0.99	53.04	12	1	1	-6.3	0.1	10.6	11.1	0.86	0.47	0.44	1.9	1.9
LLL	CapGood	0.99	90.33	14.9	6.5	7.3	3.4	-1.2	10.8	11.2	1.45	0.61	0.59	2.4	2.2
EIX	Utilities	1.13	45.89	2.2	6.7	-16.7	-101.5	-1.6	11.3	11.2	1.6	1.2	1.04	2.9	3.5
GAS	Utilities	0.98	43.95	1.2	-3.3	-3.3	35.1	9.5	16.7	11.2	1.46	1.16	1.12	4.3	5
OGE	Utilities	1.11	35.21	3.1	6.2	6.2	7.3	-0.7	20.6	11.2	2.48	1.93	1.07	2.4	3.9
UVV	ConsNC	1.13	49.02	2.2	5.7	5.7	53.5	2.8	8.3	11.3	1.06	0.47	0.43	4.1	4.3
IBM	Tech	1.15	182.27	17.1	14.9	14.9	10.6	1.1	13	11.3	11.3	1.96	1.7	2.1	1.8
VFC	ConsCyc	1.03	187.21	6.3	12.2	13	8	8.5	18.6	11.3	3.95	1.86	1.15	1.9	3
BG	ConsNC	1.09	75.78	9.9	-16.2	-50	-5.6	10	40.3	11.3	1.15	0.18	0.18	1.6	1.4
ATNI	Services	1.05	47.24	9.9	4.8	4.8	51.3	31.8	15.9	11.4	2.12	1.03	1.37	2.1	2.3
EGN	Energy	0.96	66.31	4	-4	-4	-52.8	2.4	23.4	11.5	1.72	2.8	2.17	0.9	1.1
BRC	Services	1.02	33	5.7	-16.8	-16.8	9.5	-0.6	35.5	11.5	1.64	1.44	1.13	2.3	2.4
TSH	Finance	1.1	45.54	3	3.4	3.4	39.2	-1.9	10.8	11.6	1.07	2.45	1.62	3.3	4.5
R	Services	1.19	55.61	7.4	-1.4	-0.7	-37.9	-0.3	12.9	11.6	1.85	0.45	0.41	2.4	2.5
CNI	Transp	1.04	93.73	12.3	7.4	7.4	5.1	4.7	16.7	11.6	3.6	4.11	3.27	1.8	1.9
GPS	Services	1.14	40.44	8.8	16.4	17.5	8.1	-0.1	14.9	11.7	5.47	1.17	0.81	2	2.1
HTCO	Services	0.85	10.02	3.3	-0.9	-0.9	-18.4	3.2	16.4	11.7	2.8	0.72	0.71	5.8	6.3
TLP	Energy	1.17	41.28	5.1	10.9	10.9	-15.9	3.5	19.1	11.7	2.05	3.74	2.53	6.3	9.3
SWY	Services	0.93	25.9	20.4	2.5	3.6	22.6	0.9	13.4	11.8	1.95	0.15	0.19	3.1	2.2
FLS	CapGood	0.99	55.79	19.1	13.9	13.9	2.2	4.8	18	11.8	4.62	1.64	1.23	1	1.2
UGI	Utilities	1.12	39.2	8	-1.6	-1.6	8.7	3.5	16.5	11.9	1.79	0.63	0.49	2.9	3.3
HP	Energy	1.02	63.04	9.2	4.2	4.5	18.8	14.1	9.6	12	1.56	2	2.18	3.2	0.5
SFG	Finance	0.92	52.32	5.3	-6.2	-6.2	-1.3	1.4	12.4	12	1.11	0.81	0.61	1.8	2.3
FLIC	Finance	1.04	36.83	10.6	8.5	8.5	30.1	7.5	16.1	12	1.7	4.54	2.87	2.7	3.3
RAI	ConsNC	0.99	47.63	7.8	0.3	0.3	-8.2	-1.6	17.3	12	5.11	3.15	2.1	5.3	6.5
ADM	ConsNC	1.05	35.21	-6.5	-17.6	-17.6	18.1	-7.7	19.7	12	1.23	0.26	0.29	2.2	1.9
UNM	Finance	1.12	29.53	9.4	10.8	10.6	-0.9	0	9	12.1	0.94	0.75	0.63	2	1.8
LMT	CapGood	1	122.42	23.1	3.1	3.1	-18.7	2.4	13.7	12.1	56.68	0.85	0.66	3.8	3.5
SCG	Utilities	1.13	48.12	2.4	3.2	3.2	-16.1	-2	14.1	12.1	1.49	1.5	1.08	4.2	5
UTX	CapGood	1.06	100.1	11.7	4.3	5.5	-7.2	0.7	18.2	12.1	3.34	1.46	1.13	2.1	2.5
ISCA	Services	1.37	30.99	14.9	-6.4	-6.4	-15.7	-5.5	24.2	12.1	1.13	2.35	1.94	0.7	0.6
NJR	Utilities	1.06	43.08	8.5	8.4	8.4	-70.4	-5.7	14.3	12.2	2.01	0.59	0.6	3.7	3.4
CMI	CapGood	1.04	123.2	33.2	18.5	18.5	3.5	5.8	16.4	12.2	3.45	1.37	0.94	2	1.5
BMRC	Finance	1.14	39.41	6.5	7	7	13.4	1.3	13.6	12.3	1.35	3.45	2.69	1.8	1.9
AAN	Services	1.17	27.07	8.6	20.4	18.2	18.2	9.8	14.6	12.3	1.69	0.92	0.8	0.3	0.3
ATO	Utilities	1.05	40.35	1.5	1.8	4.3	-51.9	-10.2	16.5	12.3	1.42	0.97	0.58	3.5	4.7
LECO	CapGood	0.98	62.53	9.3	5.6	5.6	6.8	4.6	19.7	12.3	3.74	1.82	1.11	1.3	2
WR	Utilities	1.12	31.11	4.1	3.3	3.3	14.9	5.5	13.1	12.4	1.35	1.7	1.32	4.4	5.3
ED	Utilities	1.07	56.23	0.8	2.3	2.2	29.7	-1.5	15.8	12.4	1.39	1.33	1.07	4.4	5
OZRK	Finance	1	45.38	18.4	18.5	18.5	-45.9	2	20	12.4	3.03	8.25	3.69	1.7	1.8
JCS	Tech	1.77	12.08	8.8	-21.3	-21.3	-44.4	-3	33.6	12.4	1.11	0.91	0.86	5.3	4.7
OKE	Utilities	1.09	51.44	12.7	3.4	4.3	-205.8	-1.3	37	12.4	5.08	0.78	0.43	3	3.9
SCL	BasicM	1.09	56.44	7.1	37	37	63	6.3	16.6	12.6	2.52	0.71	0.4	1.1	1.6
IFF	BasicM	1.07	79.01	8.1	1.7	1.7	-16	4.4	23.5	12.6	4.69	2.23	1.44	2	2.4
SJI	Utilities	1.16	57.76	10.3	7.2	7.1	-37.2	-5.9	25.4	12.7	2.39	2.68	1.57	3.1	3.2
ACN	Services	1.04	72.25	31	14	14	12	6.8	15.1	12.8	8.83	1.56	1.07	2.2	1.9
WGL	Utilities	1.07	41.74	3.1	4.4	4.4	-42.2	-1.7	15.5	12.8	1.6	0.87	0.68	4	4.2
CR	BasicM	1.06	57.41	10.4	39.4	41.3	0.2	-0.3	15.6	12.8	3.27	1.3	0.83	2.1	2.7
CAE	Tech	1.11	10.67	36.6	-3.5	-2.2	-28.9	8.1	17.8	12.8	2.43	1.35	1.46	1.8	1.5
MHFI	Services	0.98	58.37	4.5	-4.2	-12.2	-22.8	-8.1	22.2	12.8	13.09	3.35	2.4	1.9	2.7
GWW	ConsCyc	1.02	247.35	18	14.2	14.2	20.9	6.9	24	12.8	5.45	1.88	1.18	1.5	1.8
CMP	BasicM	0.92	73.73	9.1	1.7	1.7	-28.9	1.9	25.7	12.8	4.85	2.45	2.2	3	2.3
NSC	Transp	1.08	72.16	15.1	7.8	7.8	-16.7	3.2	13.3	12.9	2.22	2.08	2.02	2.9	2.6
LNT	Utilities	1.13	49.61	7.2	-5	-5.3	-49.7	-2.1	15.3	12.9	1.74	1.71	1.18	3.8	4.6
BWP	Utilities	1.04	30.06	4.1	-8	-8	42.6	13	24.2	12.9	1.73	5.83	4.68	7.1	7.9
ITW	ConsCyc	0.99	71.47	8.6	9.9	12.5	-9.9	2.2	13.6	13	3.14	1.9	1.41	2.4	2.9
NWE	Utilities	1.04	40.17	2.9	13	13	-21	-2.3	14	13	1.53	1.4	0.91	3.8	5.1
AROW	Finance	0.99	25.39	3.2	5	5	7.5	-4.3	14.1	13	1.72	4.65	3.46	3.9	4
GPC	ConsCyc	1	77.01	6.3	6.9	6.9	14.2	3.7	17.3	13	3.88	0.89	0.62	2.8	3.8
AXS	Finance	1.12	42.99	7.4	-10.7	-10.7	-1.9	4	8.9	13.1	1	1.22	1.17	2.3	2.9
DE	CapGood	1.02	83.64	14.5	13.8	13.8	-22.1	8.5	9.6	13.1	3.76	0.85	0.94	2.4	2.1
BEN	Finance	1.07	46.16	12.5	4.8	4.8	-23.4	2.7	13.9	13.1	2.99	3.74	3.72	0.8	0.9
XEL	Utilities	1.12	27.92	3.2	6.3	6.2	-1.6	0.2	14.1	13.1	1.49	1.31	1.02	4	4.5
MO	ConsNC	1.05	33.88	-11	6.7	-15.6	-34.4	5.7	15.5	13.1	19.03	2.79	2.1	5.7	6.7
ABC	Health	1.03	56.92	39.1	16.9	17.5	6.9	3.9	22.5	13.1	5.44	0.16	0.11	1.5	1.1
EXLP	Energy	1.2	27.93	7.7	-36	-36	-18	29.2	20.7	13.2	2.31	3.19	2.37	7.5	8.9
NEE	Utilities	1.1	80.36	7.9	6.8	6.8	-34	-1.4	22.1	13.2	2.04	2.37	1.48	3.3	3.7
TJX	Services	1.03	52.72	20.6	24.2	24.5	25.8	7.1	19.4	13.3	9.8	1.41	0.8	1.1	1.4
SJR	Services	1.05	24.09	15.5	12.6	12.6	-50.3	12.5	15.2	13.4	2.89	2.23	2.27	4	4.2
NVE	Utilities	0.98	23.45	32	9	9	19.5	-3.7	17.1	13.4	1.55	1.88	0.98	3.2	3.5
MSM	CapGood	1.1	76	9.3	9.3	9.3	6.5	6.9	19.2	13.4	3.54	1.97	1.8	1.6	1.9
MGEE	Utilities	1.11	52.11	2	4.2	4.2	16.2	0.1	17.1	13.5	2.02	2.11	1.64	3.1	3.9
ROST	Services	1.04	67.26	29.8	29.9	29.9	47.1	10.2	18.3	13.5	7.72	1.46	0.9	1	1.2
AFG	Finance	1.02	51.53	19.4	9.8	9.7	3.6	2.9	9.4	13.6	1.03	0.91	0.65	1.7	2.3
MGRC	Services	0.96	33.08	5.5	1.5	1.5	-3.1	5.4	19.3	13.6	2.16	2.22	1.83	2.9	3.8
JNJ	Health	1.04	86.41	8.2	1.4	1.4	-4	1.9	19.2	13.7	3.49	3.47	2.67	3.1	3.4
SHW	BasicM	1.05	172.4	4.4	4.9	4.9	5.6	3.6	26.6	13.7	9.74	1.81	0.98	1.2	2.1
CHL	Services	1.01	53.97	12.4	8.2	8.2	7.5	9.4	10.3	13.8	1.75	2.22	2.7	4.2	4.3
MMM	CapGood	1.01	113.58	4.2	2.3	2.3	9.5	4.1	17.8	13.8	4.37	2.58	1.99	2.2	2.8
COLM	ConsCyc	0.96	56.59	8.7	-5.9	-5.9	0.4	4.2	18.1	13.8	1.69	1.16	1.05	1.6	1.7
NRP	Energy	1.21	19.61	3.2	11.8	11.8	-11.3	12	10.7	13.9	3.34	5.7	6.72	11.2	8.6
RTN	CapGood	0.96	75.41	14.4	8	-0.7	27.4	2.8	12.8	13.9	2.86	1	0.76	2.9	3
CSX	Transp	1.04	24.61	24.6	13.3	11.7	-17.4	3.2	13.4	13.9	2.61	2.13	1.84	2.4	2.1
DGAS	Utilities	1.2	20.22	3	0.2	0.2	19.7	-6.5	19.3	13.9	1.98	1.72	1.23	3.8	4.8
RHI	Services	1.05	35.27	8.4	-3.6	-3.6	-7.2	-2.4	20.7	13.9	5.58	1.16	0.98	1.8	2.1
NUS	ConsNC	1.07	83.71	13.8	40	40	166.1	13.4	21.1	13.9	7.09	2.09	1.09	1.4	2.1
WAG	Services	0.95	48.07	23.7	3.6	3.6	55.7	5.9	21.2	13.9	2.4	0.64	0.47	2.6	1.9
SWK	ConsCyc	1	85.26	8.1	-6.7	6.1	-17.1	18.5	28	13.9	1.99	1.25	0.97	2.3	2.8
KR	Services	0.99	36.6	12.1	9.8	9.8	20.5	6.6	12.6	14.1	4.1	0.19	0.18	1.6	1.8
WEC	Utilities	1.1	41.04	19.1	10.5	10.5	17.6	0.1	17.2	14.1	2.23	2.13	1.5	3.7	3
UNP	Transp	1.09	153.54	27.3	19	19	49.7	5.1	17.5	14.1	3.48	3.35	2.16	2.1	1.9
D	Utilities	1.01	58.35	7.6	-32.8	-32.9	23	-2.4	104.2	14.1	3.07	2.58	1.72	3.9	4.4
COV	Health	1.1	59.4	42.5	75.5	50.6	-4.6	4.9	16.5	14.2	2.86	2.59	1.9	1.8	1.8
CAG	ConsNC	1.23	33.82	5.7	13.2	-0.3	23.5	6.6	18.3	14.2	2.69	0.92	0.74	3	3.9
FDO	Services	0.89	71.19	5.9	17.2	17.2	-31.2	6.4	19.6	14.2	5.38	0.8	0.65	1.5	1.5
NHI	Services	1.08	54.9	5.7	-0.4	-1.3	-98.6	11	20.3	14.2	3.34	14.28	13.49	5.4	6.5
EMR	Tech	1	60.37	8.8	0.1	0	-2.2	2	29.4	14.2	4.28	1.76	1.51	2.7	3.1
DCM	Services	1.09	16.03	2.4	1	1	-16.5	-1	13.4	14.3	1.2	1.45	1.56	4.2	3.2
CPK	Utilities	1.08	52.21	4.1	9	9	-0.7	8.7	15.6	14.3	1.87	1.19	0.84	2.9	3.8
PAA	Energy	1.15	50.56	5.2	14.4	14.4	-26.1	13.1	18.1	14.3	2.52	0.43	0.28	4.6	7.1
SXT	BasicM	1	41.46	5.1	8.5	8.5	-17.5	4.3	18.2	14.3	1.77	1.4	1.12	2.2	2.6
VAL	BasicM	1.14	62.16	9	16.1	16.1	26.8	4.4	19	14.3	4.9	1.35	0.84	1.5	2.3
NFG	Utilities	1.03	65.28	3.4	1.7	-8.2	-99.4	-4.4	21.1	14.3	2.55	3.02	2.18	2.3	2.8
MLAB	Tech	0.85	65.06	8.4	11.5	11.5	19.3	18.8	28.7	14.3	4.05	4.69	2.97	0.9	1.7
ETE	Utilities	1.16	64.33	35.5	30.3	22.5	-32.3	48.5	48	14.3	12.18	0.49	0.88	4.1	7.2
AVA	Utilities	1.07	26.27	14.3	12.6	12.6	-33.5	1.8	17.6	14.4	1.22	0.99	0.76	4.6	4.4
MMP	Energy	1.1	54.26	6.9	19.7	19.7	21.1	6.1	26.1	14.4	7.91	7.22	3.05	3.9	6.5
NNN	Services	1.16	30.63	2.2	-1.2	-12.7	10	13.1	28.4	14.4	1.62	9.97	7.72	5.3	7
NU	Utilities	1.13	40.97	11.2	3.6	3.6	17.1	1.5	16.6	14.6	1.37	1.8	1.07	3.6	3.6
ADI	Tech	1.02	46.28	10.4	7.1	7.2	-4.2	1.8	22.1	14.6	3.08	5.4	3.58	2.9	2.9
WM	Services	1.06	40.44	8.1	-4.8	-4.8	-28	0.5	22.2	14.6	2.91	1.38	1.19	3.6	3.9
ADP	Services	1	71.16	9.1	5	4.2	-11.1	5.3	25.4	14.7	5.55	3.04	2.17	2.4	3.4
WPC	Services	1.14	65.73	2.6	0.6	-9	21.6	7.7	52.6	14.7	2.3	9.58	4.64	5.1	6.8
WRB	Finance	1.06	41.12	11.8	-1.7	-1.7	-14.8	0.8	11.6	14.8	1.32	0.92	0.86	1	1
ALB	BasicM	1.06	62.37	13.8	7.7	7.7	7	3.3	17.6	14.8	3.87	2	1.56	1.5	1.4
KMB	ConsNC	1.04	93.48	0.9	1.5	1.5	18.3	2.9	19.9	14.8	8.22	1.7	1.31	3.5	3.9
APD	BasicM	0.96	102.14	11.1	0	2.9	-27.8	1	21.9	14.8	3.27	2.1	1.76	2.8	2.6
LOW	Services	1.03	45.82	15.7	-2.2	-2.2	95.6	0.9	23.1	14.8	3.74	0.94	0.64	1.6	1.9
ARG	BasicM	1.04	101.65	32.6	10.2	10.2	-15.2	4.3	23.4	14.8	4.61	1.49	1.05	1.9	1.7
ATR	BasicM	1.02	58.81	12	3.8	3.5	-3.2	4.3	24	14.8	2.77	1.61	1.28	1.7	1.7
ACE	Finance	1.09	87.72	14.2	0.7	0.7	-6.7	4.9	9.3	14.9	1.1	1.59	1.23	2.3	2.4
TGT	Services	1.08	63.31	20.6	6.3	6.3	33.2	3	15.3	14.9	2.51	0.55	0.51	2.7	1.9
CVS	Services	1.14	58.05	23.2	9.2	9.1	29.8	10.1	17.2	14.9	1.83	0.58	0.48	1.6	1.1
AHGP	Energy	1	61.44	21.5	17.4	17.4	-21.8	14.5	17.3	14.9	7.95	1.7	1.29	5.1	6
SLGN	BasicM	1.04	47.18	8.4	5.3	5.3	16.6	4.2	16.5	15	5.49	0.82	0.72	1.2	1.3
MCD	Services	1.08	94.36	13.9	22.5	21.8	0.8	3.9	17.3	15	6.23	3.4	3.06	3.3	3.1
EPB	Utilities	1.07	41.73	77.4	112.2	81.2	15.5	29.4	19.4	15	4.47	6.02	3.11	6	6.1
GGG	CapGood	0.95	69.49	6.5	1	1	5.3	3.8	22.9	15	7.61	4	2.61	1.4	2.4
SEP	Utilities	1.04	41.68	45.1	20	20	-20	14.4	25.9	15	2.41	19.31	12.06	4.9	6.2
UBSI	Finance	1.01	27.77	1.9	-5.4	-5.4	10.1	-5.9	16.5	15.1	1.39	4.47	3.43	4.5	4.6
NDSN	CapGood	0.98	66.65	8.4	20.9	20.9	25.8	7.2	18.8	15.1	5.41	2.72	2.14	1.1	1.2
SJM	ConsNC	1.08	106.14	11.3	10.7	10.7	42.2	18.5	20.5	15.1	2.2	1.9	1.33	2.2	2.8
CASY	Services	1.02	65.94	21.9	11.5	11.5	-22	8.4	23.1	15.2	4.2	0.35	0.27	1.1	1.3
CAH	Health	1.03	50.28	17.8	-16.2	-23	0.6	3	52.4	15.4	2.87	0.17	0.12	2.4	2.3
POR	Utilities	1.15	28.81	2.9	-4.2	-4.2	20.5	0.7	23.4	15.5	1.24	1.22	0.88	3.8	4.8
CMLP	Utilities	1.16	25.94	34	0	1.7	35.9	43.1	117.9	15.5	1.94	6.09	5.09	7.9	7.9
SO	Utilities	1.1	41.62	4	3.3	3.3	-1	1.5	21	15.6	2.02	2.15	1.85	4.9	4.8
OHI	Services	1.05	28.4	9.4	4.9	4.5	-44.2	17	21.2	15.6	2.9	8.54	6.65	6.6	7.7
BMS	BasicM	1.03	39.79	3.5	-0.5	-0.5	5.5	7.1	21.9	15.6	2.57	0.81	0.66	2.6	3.3
RGA	Finance	1.13	64.81	18.5	11.5	12.5	9	11.5	9.6	15.7	0.8	0.45	0.44	1.9	1.1
VMI	CapGood	1.15	134.96	15.8	19	19	12	15.1	12.5	15.7	2.49	1.11	0.99	0.7	0.7
TMP	Finance	1.05	43.4	5.3	-0.2	-0.2	8.4	3.7	16.8	15.7	1.45	3.44	3.08	3.5	3.3
STR	Energy	1.17	21.92	6.5	-16.5	-16.5	43.1	-16.6	18.4	15.7	3.49	3.32	2.43	3.3	3.6
SYY	Services	1	32.02	5.5	-1.7	-1.7	-8.3	3.4	19.2	15.7	3.66	0.43	0.41	3.5	3.7
ARLP	Energy	1.03	75.28	13.6	10.1	10.1	-63.1	14.5	11.3	15.8	3.59	1.29	1.21	6.1	6.6
HAS	ConsCyc	0.97	45.58	9.8	3.9	3.9	-9.2	1.3	18.6	15.8	4.08	1.46	1.16	3.5	2.8
VVC	Utilities	1.12	32.6	2	0.5	0.5	8	-0.4	21.3	15.8	1.77	1.12	0.93	4.4	5.3
ALTR	Tech	0.99	35.17	24.6	15.7	15.7	17.2	7.1	22.7	15.8	3.27	6.38	5.19	1.7	0.9
SYT	BasicM	0.98	78.38	23.3	12.1	12.1	-16.1	9	20.4	15.9	3.99	2.52	2.06	2.6	2.3
CASS	Services	0.7	52.48	11.6	5	5	7.6	-1.4	25.6	15.9	3.43	13.54	7.09	1.4	1.7
WMT	Services	1.08	72.98	12.6	9.8	10	33	4.5	14.3	16	3.34	0.51	0.47	2.6	2.3
STE	Health	1.14	40.89	26.3	17.6	17.6	8.1	3.5	14.9	16	2.49	1.57	1.36	2.1	3.2
RKT	BasicM	1.15	111.11	15.5	10.5	10.5	-13.2	31.8	12.8	16.1	2.03	0.85	0.52	1.1	1.2
RLI	Finance	0.93	78.09	7.7	-8.2	-8.2	-26.6	0.3	16	16.1	2.02	2.47	2.13	1.7	1.9
YUM	Services	1.08	70.02	22.5	14.7	14.7	6.2	5.5	23	16.1	14.29	2.42	1.73	1.9	2.2
GIS	ConsNC	1.06	49.32	11.1	8.1	8.1	17.2	5.4	17.7	16.2	4.78	1.8	1.44	3.1	3.1
TXN	Tech	0.97	38.2	19.1	-3.8	-4	-4.3	-1.5	21.2	16.2	3.81	3.43	2.51	2.9	2
HRL	ConsNC	1.02	41.43	14.9	11.6	11.6	14.1	5.9	22.3	16.2	3.59	1.27	0.82	1.6	2
XLNX	Tech	1	43.42	12.9	8.3	8.3	1.9	3.3	23.2	16.2	3.71	5.3	3.4	2.3	2.6
SHLM	BasicM	0.93	26.96	4.4	10.9	16.4	16.3	3.3	17.6	16.3	1.52	0.37	0.32	2.9	3.1
WST	Health	1	73.95	6.5	1.7	1.9	27.5	4.4	26.5	16.3	3.27	1.96	1.19	1.1	1.6
MCK	Health	1.03	121.41	27.2	10.8	10.8	39.5	3.8	20.9	16.4	3.72	0.22	0.14	0.8	1
MSFT	Tech	1.05	33.4	15.9	6.6	6.6	5.9	5.2	12.9	16.5	3.53	3.58	3.37	2.8	2.5
PPG	BasicM	1.04	156.21	2.8	3.3	3.9	24.5	4.5	20.9	16.5	4.44	1.5	0.8	1.6	3.3
ANDE	ConsNC	0.96	65.66	22.2	2.1	2.1	20.7	17.2	16.7	16.6	1.93	0.22	0.16	1	1.2
CFR	Finance	0.99	70.84	4.3	1.5	1.5	12.6	-3.9	18.9	16.6	1.86	6.68	5.11	2.8	3.3
K	ConsNC	1.06	60.71	7.7	-0.8	-0.8	3.9	3.8	22.9	16.6	8.64	1.49	1.43	3	3.1
LG	Utilities	1.1	44.53	2.6	5.6	3.8	-14	-9.5	16.6	16.7	1.08	1.12	0.53	3.8	4.1
CLX	ConsNC	1.04	82.7	9.1	6	5.9	-4.7	1.3	19.1	16.9	74.5	1.93	1.59	3.4	3.6
DUK	Utilities	1.1	65.6	3.3	-3.6	-2.9	-7.9	9.1	23.4	16.9	1.15	1.91	1.68	4.8	5.4
MNRO	ConsCyc	1.17	44.27	21.1	13.6	13.6	27.1	10.7	32.6	17	3.66	1.8	1.28	1	1.1
DGICA	Finance	1.07	13.48	6.4	-10	-10	-7	8.6	15.9	17.1	0.94	0.68	0.88	3.8	3.2
CBU	Finance	0.96	33.24	5.3	6.4	6.4	19	1.9	17	17.1	1.56	4.82	3.16	3.4	4
SON	BasicM	0.96	37.23	3.1	-2	-2	-16.7	3.4	18.7	17.1	2.51	0.8	0.7	3.3	3.9
MHLD	Finance	1.04	13.08	67.5	7.8	7.8	10.3	72.2	17	17.3	1.18	0.47	0.46	2.8	3.9
JKHY	Tech	1.01	49.9	14.9	11.5	11.7	10.8	8.7	24.5	17.3	4	3.79	2.37	1.6	1.6
SNH	Services	1.02	22.75	2.2	4.9	4.9	-14.3	28	29.9	17.3	1.52	5.89	7.23	6.9	7.4
ROP	Tech	1.02	123.7	16.6	12.2	12.2	15.1	7.3	24.9	17.5	3.15	3.98	2.51	0.5	0.6
CBSH	Finance	1.03	43.19	25.3	5.5	5.5	-8.1	-6.2	15.3	17.7	1.85	5.91	4.33	2.1	3.2
BDX	Health	1.02	97.38	12.9	9.4	9.4	19.3	4.2	17.5	17.7	4.02	2.4	2.39	2	2
NWN	Utilities	1.05	41.04	4.4	-4.3	-4.3	-19.4	-6.7	19.3	17.7	1.48	1.52	1.39	4.4	3.7
MATW	BasicM	1.13	36.9	10.5	-0.7	-0.7	-1.2	3.7	18.9	17.8	1.99	1.05	1.25	1.1	0.9
NOC	CapGood	1	92.27	7.8	8.9	8.4	7.8	-3.6	11.5	17.9	2.26	0.86	0.6	2.6	3.4
MSEX	Utilities	1.02	20.02	1.4	0.5	0.5	25.8	5.1	19.6	17.9	1.72	2.74	2.47	3.7	4.3
PPL	Utilities	1.1	30.7	3.4	0.2	-5	-7.3	13.7	12.4	18	1.66	1.57	1.47	4.8	4.6
TRI	Services	0.95	32.88	5.5	6	-17.7	-1.6	12.5	27.4	18	1.64	2.12	1.99	4	3.8
MKC	ConsNC	1.06	67.65	9.2	11.5	11.5	33.2	6.6	22.3	18.1	5.2	2.2	1.61	2	2.5
TIF	Services	1.07	77.11	19.2	3.6	6.4	-19.2	5.3	22.8	18.1	3.62	2.52	1.89	1.8	1.9
CTAS	Services	0.95	47.76	6.8	3.3	3.3	4.2	1.9	18.9	18.2	2.65	1.35	1.06	1.3	1.8
EV	Finance	1.03	38.55	8.6	8.9	8.9	-12.1	2.2	21.9	18.2	6.93	3.59	2.86	2.1	2.5
MSA	Health	1.1	48.13	10.4	5.3	5.3	38.2	3.2	22.1	18.2	3.7	1.52	1.04	2.5	3.4
COST	Services	0.99	111.87	13.4	10.2	10.2	21	9	24.6	18.3	4.66	0.47	0.35	1.1	1.2
PB	Finance	1.03	59.8	11.6	10.6	10.6	-9	4.3	17.4	18.4	1.54	7.46	4.5	1.4	1.8
OMI	Health	0.85	34.11	14.2	7.8	7.5	-6.2	5.9	20.7	18.4	2.16	0.24	0.22	2.8	2.4
SIAL	BasicM	0.96	82.47	11.7	9.8	9.8	6.8	5.2	21.4	18.4	3.73	3.73	2.93	1	1.2
CL	ConsNC	1.04	57.77	11.8	9.3	9.3	12	4.4	24.2	18.6	35.23	3.12	2.46	2.4	2.5
CLC	CapGood	1.03	53.56	10.7	6.4	6.4	-2.8	4	27.2	18.6	2.84	2.38	1.87	1	1.1
PNY	Utilities	0.99	32.26	3.7	3.4	3.4	-71.9	-8.1	17.6	18.7	1.98	1.94	1.39	3.8	3.9
BRO	Finance	1.11	31.14	6.7	-1.2	-1.2	-1.3	4.6	22.2	18.7	2.3	3.46	2.77	1.2	1.6
ASEI	Tech	1.04	56.38	27.2	1.6	1.6	6.9	2.3	25.6	18.7	2.27	2.42	2.69	3.5	1.9
AFL	Finance	1.05	57.79	10.9	12.9	12.9	28.9	10.5	8	18.8	1.96	1.06	1.02	2.4	2.7
BAX	Health	1.13	69.56	16.9	9.8	9.8	8.1	4.7	17.3	18.8	5.19	2.63	2.49	2.8	2.2
PG	ConsNC	1.08	77.89	9.6	2.3	0.9	-7.6	1.2	20.2	18.8	3.2	2.54	2.09	3.1	3.3
ARTNA	Utilities	1.12	21.8	3.7	4.4	4.4	30.4	6.1	21.8	18.8	1.59	2.72	2.19	3.8	4.2
PH	BasicM	1	99.95	15.1	2.4	2.4	-3.2	1.4	16	18.9	2.6	1.15	0.88	1.8	2
CRR	Energy	0.89	81.59	14.4	17.6	15.7	38.3	16.6	24.3	18.9	2.57	3.09	3.74	1.5	1
RPM	BasicM	1.04	33.98	3.6	15.8	15.8	15.4	2.3	45.9	18.9	3.65	1.08	0.7	2.6	4.3
CSL	BasicM	1.07	66.6	6.3	5.5	4.3	15.5	7	23.3	19	2.29	1.17	0.77	1.3	1.9
HRS	CapGood	0.89	56.63	19.8	4.5	-21.4	12.8	2.1	13.7	19.1	3.91	1.19	1.03	3	2.5
ABM	Services	1.08	24.15	3.9	2.6	1.8	52.7	9.7	18.3	19.2	1.51	0.29	0.29	2.5	2.6
THI	Services	1.1	54.79	24.6	12.7	12.7	7.2	8.8	21.3	19.3	7.05	2.79	2.5	1.8	1.4
BANF	Finance	0.99	51.08	8.1	0.1	0.1	-6	-4.6	15.2	19.4	1.45	4.34	3.64	2.4	2.3
PX	BasicM	1.07	117.4	12.9	9	9	-19.5	3.6	21	19.4	5.86	3.02	2.53	2	2.1
CWT	Utilities	1.11	19.95	1.7	9.3	9.3	19.2	8.8	18.3	19.5	1.65	1.68	1.65	3.2	3.2
SWX	Utilities	1.05	46.78	6.5	8	8	-17.4	-2.2	14.8	19.6	1.57	1.15	0.77	2.8	3.2
JBHT	Transp	1.09	72	14.5	10.7	10.7	-8.6	7.7	26.7	19.6	9.35	1.59	1.11	0.8	1.4
EAT	Services	1.1	39.99	13.8	39	35.5	18.7	-5.9	18	19.8	18.6	0.98	0.59	2.4	2.5
SYK	Health	1.04	66.89	22.3	7.2	6.6	10.2	7.6	22.4	19.8	2.94	2.88	2.69	1.6	1.1
FDS	Tech	0.96	102.35	26.4	13.5	13.5	11.8	11.1	23.4	19.8	7.45	5.32	5.12	1.4	1.2
PLL	CapGood	0.95	69.14	10	10.6	23.6	89.3	0.6	24	19.8	4.27	2.93	1.94	1.4	1.8
THFF	Finance	1	30.42	1.8	5	5	7.4	-2.3	13.1	19.9	1.1	3.45	3.51	3.2	2.8
YORW	Utilities	0.99	19.52	2.6	4.8	4.8	33.9	5.7	26	19.9	2.51	5.97	4.81	2.8	3.5
GRC	CapGood	0.88	34.97	4.7	4.2	4.2	-12.5	4.2	29.1	19.9	2.98	1.94	1.64	1.1	1.4
PEP	ConsNC	1.11	79.73	8.3	2.5	2.5	2.3	10.7	18.8	20.2	5.45	1.87	1.84	2.8	3
CHD	ConsNC	1.11	59.35	45	14.3	14.3	11.4	5.6	22.7	20.3	3.83	2.65	1.89	1.9	1.2
JJSF	ConsNC	1.08	76.92	8.9	10.8	10.8	5.2	7.9	22.9	20.3	2.86	1.66	1.12	0.8	1
RAVN	BasicM	1.19	29.21	13.8	13.5	13.5	20.4	11.7	24.1	20.3	4.49	2.77	2.31	1.6	1.6
CTBI	Finance	1	37.72	2.6	3.7	3.7	1	-4.8	13.2	20.5	1.47	3.91	2.85	3.4	4.2
LSTR	Transp	1.03	54.65	40.2	6.7	6.7	-4.8	2.3	20.5	20.6	6.44	0.93	0.85	0.4	0.7
FELE	Tech	1.01	35.935	-2	23.2	23.2	20	8.2	21.6	20.6	3.14	1.84	1.17	0.9	1.4
FLO	ConsNC	1.1	20.79	15.6	8	8	-6.1	8.4	19.1	20.8	4.39	1.24	0.93	2.2	2.8
NVO	Health	1.04	166.94	32	23.7	23.7	18.6	13.3	21.2	20.8	14.2	6.16	4.76	1.9	2.2
INTC	Tech	1	21.98	14.1	12.9	12.9	-9.1	6.8	11.9	20.9	2.03	2.09	2.53	4.1	3.3
MCHP	Tech	1.11	38.81	3.1	-14.6	-14.6	0	8.8	64.7	20.9	3.91	4.52	4.59	3.7	4.6
KWR	BasicM	1.03	66.36	2.5	18.9	18.9	24.7	5.4	16.2	21	2.85	1.21	0.56	1.5	3.7
SU	Energy	1.17	33.87	21.4	-11.1	-11.1	19.2	17.4	19.7	21.2	1.33	1.38	1.5	2.2	1
ITC	Utilities	1.07	88.89	5.3	16.2	16.2	-18.4	14.3	23.8	21.2	3.06	5.22	3.86	1.9	2.5
BCR	Health	0.99	114.87	5.7	9.8	9.8	9.3	6.1	54.7	21.2	5.87	3.07	3.01	0.7	0.8
KO	ConsNC	1.14	38.18	8.4	9.2	9.2	7.3	10.7	20.2	21.3	5.27	3.57	3.6	2.9	2.7
TE	Utilities	1.06	16.53	2.6	-9.8	-12.9	20.8	-3.3	15.6	21.4	1.54	1.21	1.06	5.3	5.2
BOKF	Finance	1.06	64.09	26.9	9.7	9.7	16.4	-7.4	13	21.5	1.47	5.7	3.72	2.4	2.6
CTWS	Utilities	1.12	30.46	2.1	7.9	7.9	-31	7.3	20.6	21.7	1.75	3.82	3.16	3.3	3.7
LLTC	Tech	1	38.33	5.5	1.2	1.2	-1.5	1.8	22.4	21.7	9.28	7.11	5.54	2.7	3.2
DV	Services	0.93	30.01	23.2	1.6	-1.3	1.1	12.5	15.5	22.1	1.37	0.97	1.75	1.1	0.6
UMBF	Finance	1.1	59.73	7.8	11.5	11.5	15.6	-3.9	21.3	22.1	1.95	7.03	4.89	1.4	1.8
TAP	ConsNC	1.07	48.79	14.9	-3.1	-2.3	48.7	-8.8	15.6	22.4	1.12	2.11	2.23	2.6	2.4
QCOM	Tech	1.07	66.28	12.3	9.6	12.5	7.4	16.6	17.6	22.4	3.05	4.92	6.03	2.1	1.6
DAKT	Tech	0.97	10.69	59.8	-3.9	-3.9	-15.6	0.7	21	22.5	2.39	0.87	0.96	3.4	3.9
HEI	CapGood	0.87	62.5	21.4	15.7	15.7	22.2	12.1	34.7	22.6	5.74	3.44	2.22	0.2	0.3
RCI	Services	1.12	39.6	30.7	16.7	16.3	-8.6	4.3	11.8	22.7	4.95	1.69	1.71	4.3	3.6
WEYS	ConsCyc	1.19	24.95	14.9	-2.4	-2.4	-16.6	4.8	14.9	22.7	1.53	0.91	1.21	2.9	2.5
DCI	ConsCyc	0.99	35.24	13.8	8.9	8.9	20.6	1.8	21.4	22.8	4.8	2.14	1.69	1.5	1.2
ECL	ConsNC	1.05	91.35	11	6.9	6.9	-5.4	16.7	32.7	22.8	4.13	2.24	1.67	1	1.4
MDT	Health	1.08	51.75	15.8	12.5	12.5	10.1	4.2	14.9	23.2	2.82	3.14	2.66	2.2	2.3
AWR	Utilities	0.89	52.6	5.9	12.5	11.8	20.5	9.7	17.4	23.2	2.18	2.13	1.69	3.1	3
WTR	Utilities	1.08	30.37	6.9	12.9	14.4	8.5	4.7	20.4	23.4	3	5.5	4.09	2.5	2.9
SNN	Health	1.03	58.26	17	18.9	18.9	28.3	4.2	19.2	23.5	2.71	2.52	2.14	2.3	1.8
ROL	Services	1.11	24.75	17.7	12.1	12.1	3.3	7.3	31.7	23.6	9.41	2.79	2.04	1.5	1.5
BMI	Tech	1.01	45.08	14.2	8.7	11.1	19.4	6.4	27.3	23.8	3.64	2.01	2	1.6	1.4
SJW	Utilities	1.05	26.15	3.4	2.7	2.7	12.3	4.8	20.3	24	1.68	1.95	2.03	2.8	2.7
KMP	Utilities	1.15	81.56	7.4	32	-18.6	6.4	-1.3	24.8	24.9	2.51	3.2	2.42	6.5	7.1
LNN	CapGood	0.99	76.02	7.8	20.5	20.5	45.8	14.4	14.2	25	2.63	1.46	1.66	0.7	0.6
CHRW	Transp	1	56.87	12	14.1	14.1	0.7	9.2	15.6	25	6.06	0.75	1.06	2.5	1.8
LEG	ConsCyc	1.08	28.92	7.9	38.8	98.3	-8.2	-2.6	16.8	25.1	2.96	1.13	0.87	4.1	5.3
BBL	BasicM	1.17	58.08	10.6	-5.8	-5.8	-32.3	2.1	14.3	25.4	2.19	2.34	2.59	4	3.4
AEL	Finance	1.08	19.81	20.1	15.4	15.4	54.7	17.3	7.9	25.5	0.88	0.65	0.59	0.8	1.1
UBA	Services	1.16	19.53	1.5	-13.1	-19.8	30.7	2.2	72.3	25.9	2.29	6.41	5.11	5.1	5.9
THG	Finance	1.11	53.27	25.2	-25.3	-23.9	61.8	11.4	23.1	26	0.94	0.5	0.59	2.5	2.3
TROW	Finance	1.05	70.14	12.6	6.5	6.5	-11.3	6.2	19.2	26.1	4.2	5.61	5.46	2.2	2.2
NATI	Tech	0.96	27.75	19.8	-3.8	-3.8	-19.8	9.1	44	26.2	3.55	2.94	2.85	2	1.8
EXPD	Transp	1.04	40.56	14.9	4.6	4.6	4.7	2.7	24.6	27	3.95	1.4	1.53	1.5	1.1
GEL	Energy	1.09	48.67	13.2	31	31	-37.7	27.7	36.6	27.1	4.5	0.9	0.45	4.2	7.6
EPD	Utilities	1.11	59.42	5.7	24.2	24.2	4.5	9.8	21.5	27.3	3.73	1.2	0.47	4.6	7
BPL	Energy	1.08	70	5.2	-4.3	-4.3	-26.6	53	25	27.5	2.7	1.66	0.75	6.1	7.6
WABC	Finance	0.9	47.07	1.7	-0.6	-0.6	4	-4.9	17.4	27.9	2.32	7.54	6.75	3.1	2.9
RBA	CapGood	0.95	18.53	8.9	0.5	0.5	20	7	26.9	28.3	2.99	4.5	6.12	2.8	1.9
BHP	BasicM	0.91	63.28	10.6	-5.8	-5.8	-32.3	2.1	15.5	28.5	2.38	2.55	3.03	3.7	2.9
AOS	Tech	1	42.05	9.1	13.9	10	-35.3	-3.5	24.3	28.7	3.1	1.91	0.83	1.1	1.8
MON	BasicM	1.11	97.89	18.4	17.9	15.9	10.9	10.1	21.3	29.1	3.77	3.54	3.71	1.8	1.4
O	Services	1.09	39.5	2.6	-5.2	-5.8	-15	10.3	55.6	29.3	1.73	12.76	9.03	5.5	6
HEP	Energy	1.11	35.53	5.3	5.4	2.9	-36.1	24.9	31.2	29.8	5.19	6.83	5.16	5.5	7.9
SEIC	Finance	1.1	29.76	35.1	-2.1	-2.1	-20	-6.2	19.8	31.1	4.55	4.84	3.54	1.3	1.5
UBNK	Finance	1.06	15.66	9.6	-1.6	-1.6	3.1	3.7	43.5	31.1	1.03	3.63	3.21	2.8	2.2
HCSG	Services	1.05	24.21	18.3	6.7	6.7	13.7	13.3	31.9	31.6	6.82	1.51	1.24	2.8	3.7
ERIE	Finance	1.04	73.76	21	-2.4	-2.4	17.5	34.8	24.2	31.8	5.32	0.59	0.61	3.2	4.5
RGLD	BasicM	1.34	58.03	21.8	11.9	11.9	15.7	34.3	52.8	33.7	1.6	13	15.05	1.4	0.9
IPCC	Finance	0.98	60.51	20.1	-11.8	-11.8	20	2.6	24.4	34.9	1.08	0.52	0.63	2	1.2
FRT	Services	1.07	97.31	3.7	7.3	-7.4	-0.6	4.7	42.9	35.7	4.69	10.06	8.45	3.2	3.6
HCP	Services	1.11	40.73	2.4	34.1	-6.9	-19.8	14.8	21	37.6	1.75	9.18	7.49	5.2	6
TR	ConsNC	0.6	29.99	3.6	1.7	1.7	-5.3	2	34.1	39.3	2.77	3.29	2.85	1.1	1.3
NATL	Finance	0.95	25.15	14.9	-5	-5	-25.7	12.2	25.9	42.6	1.45	0.92	1.11	1.7	1.5
PBCT	Finance	1	14.22	4.2	7.1	6.7	71	7.9	19.5	43.5	0.95	4.41	5.62	4.6	4.3
HCN	Services	1.05	61.44	5.4	-7	-7.2	-15.5	38.4	125.4	46.2	1.58	7.36	8.14	5	6.2
ESS	Services	1.11	143.31	3.4	30.2	-4	9	7.9	47.5	51.2	2.99	9.12	7.21	3.4	4.2
ELS	Services	1.18	34.75	23.9	8.3	0	-4.8	10.2	35.5	53.1	3.91	4.04	3.03	2.9	2.4
TNC	CapGood	0.89	51.37	7.5	0.9	0.9	58.5	2.2	23.1	54.3	3.9	1.28	0.87	1.4	1.9
FUL	BasicM	1.07	37.29	5.2	-4.1	8.1	-10.3	6.1	19.6	55.7	2.28	0.93	0.74	1.1	1.3
SKT	Services	1.12	30.85	3.2	11.6	11.6	23.6	9.3	44.7	57.2	6	7.89	6.06	2.9	3.6
TEVA	Health	1.18	38.22	20.6	-2	-2	20.6	16.6	79.6	57.3	1.51	1.62	2.65	3.1	1.7
TDS	Services	1.18	27.69	6.4	-22.5	-24.3	-19.2	2.1	21.1	57.5	0.72	0.57	0.69	1.8	1.5
WSM	ConsCyc	1.04	56.41	13.9	7.7	7.7	47.6	0.5	20.8	61	4.48	1.29	0.78	2.2	2.5
UNS	Utilities	1.06	45.73	13.8	6.5	6.5	-23.1	1.1	19.1	71	1.76	1.29	0.85	3.8	4.3
GOLD	BasicM	1.4	78.02	33	50.9	50.9	84.3	33.1	21.1	72.7	2.66	6.25	10.45	0.6	0.3
RSG	Services	1.14	32.51	10.5	0.4	0.4	-11.9	20.6	25.8	74	1.53	1.44	1.3	3.2	3
DLR	Services	1.23	55.6	20.1	172.4	36.7	-17	26.5	38.6	91.2	2.5	5.05	5.24	5.6	4
FINL	Services	0.94	20.96	58.5	29.2	25.4	-27.2	3.7	16.5	99.4	1.93	0.69	0.56	1.3	1.2
TGP	Transp	0.98	42.08	5.3	18.8	18.8	33.4	8.8	17.9	130	2.37	7.51	4.36	6.4	8.7
FDX	Transp	1.04	107.36	13.3	6.4	6.4	23.2	3.1	21.8	247.4	1.97	0.77	0.63	0.6	0.6
PRE	Finance	1.08	87.15	7.6	7	7	-17.1	5.7	9.4	297.5	0.78	0.93	0.87	2.9	3
LAZ	Finance	0.99	35.42	21.7	-25	-25	27.5	-0.6	62.1	576.4	8.31	2.2	1.63	2.8	1.9
MXIM	Tech	1.01	27.845	5.1	9.4	9.5	41.6	3.5	18.4	625.8	3.23	3.32	2.93	3.7	4.1
															
															
															
