42 2 2 1 1 0    
51 3 0 0 1 0    
53 2 2 1 0 0    
55 3 3 1 0 0
66 2 2 1 1 0    
50 0 0 0 1 0    
58 1 2 1 0 1    
52 0 0 1 1 0
56 2 0 1 1 0    
72 3 3 0 1 1    
38 1 2 0 1 0    
61 2 2 0 0 0
55 2 2 1 1 0    
56 3 3 1 1 0    
35 2 2 1 1 0    
45 2 2 0 1 0
41 2 2 1 1 1    
56 3 3 1 1 0    
34 2 3 1 1 0    
51 2 0 1 1 0    
62 0 0 1 0 1    
63 2 2 1 1 0    
68 3 2 1 1 0    
55 3 3 1 1 1   
46 2 2 1 1 1    
53 1 2 1 1 0    
49 3 2 0 1 0    
51 1 0 0 1 0   
44 2 1 0 1 1    
53 0 1 1 0 0    
55 2 2 0 1 1    
46 1 0 1 1 0   
50 1 2 0 1 1    
57 3 2 0 1 0    
58 0 2 1 1 0    
69 1 2 0 1 0   
73 3 3 0 1 0    
57 1 2 0 1 1    
43 2 2 1 1 0    
51 3 3 1 1 1    
48 2 2 1 1 0    
62 2 2 1 1 0    
39 2 1 0 1 0    
49 1 1 0 1 1   
53 2 2 1 1 0    
73 2 2 0 1 0    
66 3 3 0 1 1    
58 3 3 1 1 0   
51 3 1 1 1 1    
44 2 0 0 1 0    
50 2 2 1 1 0    
38 3 3 1 1 0   
59 0 0 0 1 1    
63 3 2 1 1 0    
45 3 3 0 1 0    
50 1 1 1 0 0   
54 3 3 1 1 1    
59 1 1 0 1 0    
53 0 0 0 1 0    
38 1 3 1 1 0    
41 2 2 1 1 1    
51 1 0 1 0 0    
56 3 3 1 1 1    
58 1 0 1 0 0   
56 2 2 1 0 1    
52 3 0 1 1 0    
49 2 2 1 1 1    
69 0 0 0 1 0   
38 0 2 0 1 1    
64 0 0 1 0 0    
49 0 0 1 0 0    
66 0 0 0 1 0   
40 3 3 1 1 0    
53 2 2 1 0 0    
56 2 2 1 1 0    
49 2 2 0 1 0   
42 1 2 1 1 0    
58 1 2 0 1 0    
38 0 0 1 1 0    
62 0 0 1 1 0    
51 1 2 0 1 0    
53 0 2 1 1 1    
39 0 0 1 1 0    
44 0 0 0 1 1   
52 1 0 1 1 0    
58 2 2 0 1 0    
62 2 2 1 1 0    
58 3 0 1 1 0   
37 0 1 0 1 0    
45 1 2 1 1 1    
70 3 2 1 1 1    
45 2 2 1 1 0   
48 1 2 1 0 0    
42 3 2 0 1 0    
53 2 0 1 1 1    
58 3 3 1 1 1   
35 0 0 1 1 0    
60 2 2 0 1 1    
68 2 2 1 1 0    
54 2 2 1 1 0    
35 1 1 1 0 0    
34 1 0 1 0 1    
50 2 0 0 0 1    
55 2 2 1 1 1   
48 3 3 0 1 1    
64 2 2 1 1 0    
46 2 2 0 1 0    
58 2 2 1 1 0   
52 2 2 0 1 1    
35 1 2 1 0 1    
58 3 2 1 1 0    
68 2 2 1 1 0   
46 2 3 0 1 1    
42 2 2 0 1 0    
57 2 2 0 0 0    
47 1 2 1 1 1   
55 0 0 0 1 0
