Argentina 1.12 5.772 1.065 0.014 0.012 0.025 0.094 0.434 0.131 9.014
Australia 0.90 5.079 1.708 0.003 0.032 0.013 0.029 0.770 -0.036 9.271
Austria 0.64 5.787 1.513 0.003 0.029 0.012 0.026 0.176 0.031 9.243
Belgium 0.73 5.399 1.516 0.003 0.015 0.003 0.023 0.336 0.025 9.757
Brazil 1.81 5.683 0.987 0.016 0.126 0.027 0.063 0.388 0.259 7.914
Canada 1.18 4.923 1.592 0.004 0.040 0.014 0.031 0.906 -0.040 8.886
Chile 1.03 6.573 1.583 0.006 0.009 0.012 0.031 0.504 -0.039 9.343
China 1.17 5.072 1.284 0.017 0.134 0.019 0.011 NA -0.015 6.100
CzechRepublic 0.64 5.968 0.680 0.009 0.047 0.014 0.012 NA -0.031 8.329
Denmark 0.80 5.255 1.458 0.003 0.037 0.008 0.012 0.501 0.049 9.586
Finland 1.66 5.166 1.713 0.013 0.035 0.010 0.016 0.492 0.073 10.000
France 1.03 5.468 2.063 0.003 0.027 0.012 0.023 0.579 0.055 8.986
Germany 1.15 5.252 2.004 0.004 0.017 0.002 0.014 0.211 0.059 9.729
Greece 0.86 5.416 2.433 0.010 0.071 0.018 0.021 0.382 0.015 8.500
HongKong 1.31 5.669 1.203 0.008 0.033 0.016 -0.002 0.814 0.000 9.957
India 0.60 5.519 1.857 0.008 0.035 0.029 0.038 0.748 -0.028 6.629
Ireland 0.83 5.994 1.921 0.003 0.036 0.016 0.044 0.491 0.047 9.486
Italy 0.90 6.274 1.698 0.005 0.038 0.007 0.025 0.457 0.040 7.657
Japan 0.95 5.882 1.196 0.004 0.034 0.008 0.004 0.470 0.009 8.100
Luxembourg 2.60 6.730 1.832 0.036 0.026 0.010 0.026 NA 0.033 9.957
Malaysia 1.14 4.840 1.184 0.015 0.022 0.017 0.018 0.781 -0.174 7.514
Mexico 1.48 6.406 1.107 0.010 0.017 0.011 0.049 0.348 -0.069 8.614
Netherlands 1.01 6.207 1.928 0.003 0.047 0.006 0.022 0.618 0.052 9.557
NewZealand 0.92 4.808 1.454 0.005 0.017 0.013 0.027 0.480 -0.057 9.586
Norway 1.04 4.896 1.484 0.005 0.050 0.009 0.016 0.428 0.002 8.371
Peru 0.66 5.054 0.936 0.007 0.019 0.009 0.024 0.592 -0.022 8.671
Philippines 1.29 4.824 0.826 0.012 0.012 0.014 0.049 0.889 -0.111 7.286
Poland 1.35 5.321 1.513 0.014 0.025 0.012 0.030 NA -0.080 7.200
Portugal 0.79 6.212 2.005 0.004 0.037 0.004 0.029 0.553 0.021 8.843
Singapore 1.30 4.901 1.387 0.008 0.046 0.016 0.002 0.842 -0.084 9.614
SouthAfrica 1.15 5.599 1.579 0.007 0.024 0.017 0.052 0.581 -0.033 8.529
Spain 1.13 6.805 1.841 0.004 0.045 0.008 0.033 0.498 0.044 9.129
Sweden 1.35 5.246 2.061 0.007 0.052 0.009 0.014 0.453 0.003 9.400
Switzerland 0.79 6.102 1.727 0.003 0.041 0.007 0.008 0.480 0.050 9.357
Taiwan 1.09 5.732 1.683 0.010 0.206 0.003 0.014 0.642 -0.032 8.114
Thailand 1.90 4.363 1.248 0.023 0.138 0.032 0.028 0.618 0.006 6.600
UnitedKingdom 0.75 5.576 1.986 0.002 0.050 0.010 0.030 0.726 0.024 9.914
UnitedStates 1.02 5.988 2.014 0.002 0.107 0.013 0.032 0.967 0.000 9.586