City 2001 2002 2003 2004 2005 2006 2007 2008 2009 2010 2011
Phoenix		105.93	111.61	117.10	126.61	155.49	221.81	220.20	180.06	117.13	111.76	101.54
LosAngeles	110.88	121.45	144.27	177.01	219.41	265.92	268.68	224.41	166.55	172.97	169.88
SanDiego	117.54	128.79	155.40	186.33	233.78	247.46	237.15	197.45	148.26	156.95	157.03
SanFrancisco	131.16	125.13	141.90	155.93	189.35	214.78	211.78	183.81	124.40	135.63	133.37
Denver		114.75	121.30	124.81	127.20	132.34	137.42	135.86	128.95	122.33	125.59	122.73
WashingtonDC	112.73	125.99	145.19	167.79	208.63	247.70	238.85	213.20	171.98	177.40	181.59
FL-Miami	110.28	124.52	143.78	164.82	205.42	268.25	279.42	225.40	158.97	148.32	141.30
FL-Tampa	110.82	120.33	133.22	147.90	177.04	228.98	228.86	194.64	149.26	138.18	129.03
GA-Atlanta	106.63	111.18	115.12	118.67	123.84	130.59	133.45	127.76	109.44	107.04	100.35
IL-Chicago	108.35	116.96	126.77	137.65	149.69	163.98	167.52	156.42	130.85	125.11	115.78
MA-Boston	117.67	129.93	146.79	158.54	173.43	178.17	168.29	162.59	150.73	153.01	152.19
MI-Detroit	107.18	111.31	115.52	119.57	123.06	126.66	117.96	100.17	77.47	71.84	67.63
MN-Minneapolis	113.13	126.18	138.59	149.70	161.01	169.56	167.95	151.06	120.42	122.56	113.41
NC-Charlotte	102.86	104.12	107.68	109.75	114.26	119.96	129.43	131.70	121.00	117.16	111.32
NV-LasVegas	105.23	113.70	121.94	145.95	207.35	230.48	230.52	186.05	125.68	103.82	99.23
NY-NewYork	112.66	125.19	146.55	163.63	187.19	213.50	212.78	200.44	180.93	171.39	165.74
OH-Cleveland	103.94	106.21	110.15	115.62	120.10	122.12	118.61	108.49	102.89	103.29	99.19
OR-Portland	103.92	108.13	113.69	122.06	135.46	165.33	179.79	178.81	153.80	147.29	135.80
TX-Dallas	106.49	111.76	113.89	114.00	116.39	121.91	122.64	118.49	112.60	117.30	114.09
WA-Seattle	106.70	111.79	115.80	124.42	140.18	165.49	183.92	181.62	154.38	145.09	135.41
