1978 10 125.1  27.3
1978 11  97.9  21.5
1978 12 122.7  35.0
1979  1 166.6  19.3
1979  2 137.5  25.0
1979  3 138.0  15.1
1979  4 101.5  24.7
1979  5 134.4  30.5
1979  6 149.5  43.2
1979  7 159.4  37.2
1979  8 142.2  42.8
1979  9 188.4  36.4
1979 10 186.2  24.8
1979 11 183.3  57.4
1979 12 176.3  57.3
1980  1 159.6  41.0
1980  2 155.0  34.1
1980  3 126.2  51.5
1980  4 164.1  42.3
1980  5 179.9  39.8
1980  6 157.3  25.0
1980  7 136.3  51.6
1980  8 135.4  49.4
1980  9 155.0  43.9
1980 10 164.7  43.4
1980 11 147.9  37.6
1980 12 174.4  32.1
1981  1 114.0  25.3
1981  2 141.3  20.1
1981  3 135.5  20.8
1981  4 156.4  45.2
1981  5 127.5  33.7
1981  6  90.9  31.8
1981  7 143.8  41.1
1981  8 158.7  43.4
1981  9 167.3  27.8
1981 10 162.4  42.7
1981 11 137.5  54.1
1981 12 150.1  72.6
1982  1 111.2  46.6
1982  2 163.6  51.2
1982  3 153.8  19.0
1982  4 122.0  22.6
1982  5  82.2  25.1
1982  6 110.4  35.0
1982  7 106.1  90.2
1982  8 107.6  29.9
1982  9 118.8  24.9
1982 10  94.7  33.9
1982 11  98.1  19.4
1982 12 127.0  37.2
1983  1  84.3  17.2
1983  2  51.0  29.6
1983  3  66.5  23.8
1983  4  80.7  30.5
1983  5  99.2  16.5
1983  6  91.1  22.2
1983  7  82.2  18.6
1983  8  71.8  25.4
1983  9  50.3  15.3
1983 10  55.8  37.4
1983 11  33.4  26.1
1983 12  33.4  21.3
1984  1  57.0  29.1
1984  2  85.4  23.5
1984  3  83.5  20.2
1984  4  69.7  32.4
1984  5  76.4  21.0
1984  6  46.1  14.4
1984  7  37.4  22.2
1984  8  25.5   9.4
1984  9  15.7  18.7
1984 10  12.0   6.9
1984 11  22.8  13.9
1984 12  18.7   6.2
1985  1  16.5  17.4
1985  2  15.9   6.1
1985  3  17.2  11.1
1985  4  16.2  12.1
1985  5  27.5  13.5
1985  6  24.2  17.7
1985  7  30.7  23.0
1985  8  11.1   8.8
1985  9   3.9   4.3
1985 10  18.6  23.0
1985 11  16.2  15.6
1985 12  17.3  18.9
1986  1   2.5   5.0
1986  2  23.2  19.2
1986  3  15.1  11.5
1986  4  18.5  14.5
1986  5  13.7  10.5
1986  6   1.1   2.8
1986  7  18.1  11.0
1986  8   7.4   4.6
1986  9   3.8   4.8
1986 10  35.4  22.0
1986 11  15.2  12.2
1986 12   6.8   8.3
1987  1  10.4   6.6
1987  2   2.4   3.6
1987  3  14.7   6.0
1987  4  39.6  25.4
1987  5  33.0  13.9
1987  6  17.4  14.1
1987  7  33.0  35.0
1987  8  38.7  11.6
1987  9  33.9  14.8
1987 10  60.6  23.0
1987 11  39.9  17.1
1987 12  27.1   9.8
1988  1  59.0  18.8
1988  2  40.0  18.2
1988  3  76.2  23.4
1988  4  88.0  37.7
1988  5  60.1  22.1
1988  6 101.8  30.0
1988  7 113.8  22.9
1988  8 111.6  45.6
1988  9 120.1  34.1
1988 10 125.1  14.0
1988 11 125.1  31.1
1988 12 179.2  40.8
1989  1 161.3  25.3
1989  2 165.1  28.9
1989  3 131.4  31.5
1989  4 130.6  25.0
1989  5 138.5  32.8
1989  6 196.2  40.0
1989  7 126.9  28.5
1989  8 168.9  53.6
1989  9 176.7  66.0
1989 10 159.4  29.3
1989 11 173.0  33.8
1989 12 165.5  47.9
1990  1 177.3  27.9
1990  2 130.5  62.5
1990  3 140.3  47.8
1990  4 140.3  42.2
1990  5 132.2  37.2
1990  6 105.4  39.6
1990  7 149.4  59.6
1990  8 200.3  57.0
1990  9 125.2  21.8
1990 10 145.5  38.1
1990 11 131.4  35.6
1990 12 129.7  32.6
1991  1 136.9  47.9
1991  2 167.5  32.8
1991  3 141.9  36.1
1991  4 140.0  52.5
1991  5 121.3  20.0
1991  6 169.7  34.1
1991  7 173.7  42.0
1991  8 176.3  70.0
1991  9 125.3  20.4
1991 10 144.1  42.8
1991 11 108.2  29.1
1991 12 144.4  31.4
1992  1 150.0  42.6
1992  2 161.1  36.3
1992  3 106.7  21.3
1992  4  99.8  39.7
1992  5  73.8  22.4
1992  6  65.2  14.7
1992  7  85.7  37.3
1992  8  64.5  25.3
1992  9  63.9  14.7
1992 10  88.7  28.1
1992 11  91.8  17.0
1992 12  82.6  22.4
1993  1  59.3  22.3
1993  2  91.0  24.7
1993  3  69.8  16.6
1993  4  62.2  26.5
1993  5  61.3  31.5
1993  6  49.8  30.1
1993  7  57.9  13.7
1993  8  42.2  12.9
1993  9  22.4  13.4
1993 10  56.4  20.4
1993 11  35.6  15.0
1993 12  48.9  22.2
1994  1  57.8  24.7
1994  2  35.5   7.4
1994  3  31.7  15.5
1994  4  16.1  12.1
1994  5  17.8  12.1
1994  6  28.0  20.1
1994  7  35.1  18.9
1994  8  22.5  12.4
1994  9  25.7  19.2
1994 10  44.0  13.5
1994 11  18.0  10.8
1994 12  26.2  13.8
1995  1  24.2  17.3
1995  2  29.9  11.3
1995  3  31.1  17.5
1995  4  14.0  16.2
1995  5  14.5  13.4
1995  6  15.6   8.0
1995  7  14.5   9.4
1995  8  14.3  10.0
1995  9  11.8   9.9
1995 10  21.1  17.7
1995 11   9.0   7.6
1995 12  10.0   6.1
1996  1  11.5  14.4
1996  2   4.4   5.0
1996  3   9.2   7.3
1996  4   4.8   6.0
1996  5   5.5   6.4
1996  6  11.8   7.3
1996  7   8.2   9.1
1996  8  14.4   4.5
1996  9   1.6   3.8
1996 10   0.9   2.8
1996 11  17.9  17.8
1996 12  13.3  12.1
1997  1   5.7   5.2
1997  2   7.6   9.5
1997  3   8.7   7.8
1997  4  15.5   9.8
1997  5  18.5  13.4
1997  6  12.7   5.7
1997  7  10.4  10.9
1997  8  24.4  15.6
1997  9  51.3  24.8
1997 10  22.8   9.1
1997 11  39.0  10.8
1997 12  41.2  12.9
1998  1  31.9  21.0
1998  2  40.3  15.9
1998  3  54.8  13.7
1998  4  53.4  29.9
1998  5  56.3  19.1
1998  6  70.7  18.1
1998  7  66.6  20.0
1998  8  92.2  17.0
1998  9  92.9  24.8
1998 10  55.5  25.5
1998 11  74.0  25.4
1998 12  81.9  24.2
1999  1  62.0  30.0
1999  2  66.3  41.7
1999  3  68.8  24.9
1999  4  63.7  18.0
1999  5 106.4  20.0
1999  6 137.7  33.3
1999  7 113.5  26.0
1999  8  93.7  42.7
1999  9  71.5  24.0
1999 10 116.7  27.9
1999 11 133.2  36.2
1999 12  84.6  18.2
2000  1  90.1  34.7
2000  2 112.9  24.3
2000  3 138.5  25.8
2000  4 125.5  29.4
2000  5 121.6  44.4
2000  6 124.9  25.0
2000  7 170.1  43.3
2000  8 130.5  36.8
2000  9 109.7  39.5
2000 10  99.4  24.9
2000 11 106.8  23.3
2000 12 104.4  28.5
2001  1  95.6  19.3
2001  2  80.6  19.6
2001  3 113.5  62.8
2001  4 107.7  33.9
2001  5  96.6  21.1
2001  6 134.0  36.7
2001  7  81.8  24.9
2001  8 106.4  14.2
2001  9 150.7  27.7
2001 10 125.5  22.8
2001 11 106.5  25.0
2001 12 132.2  19.2
2002  1 114.1  16.9
2002  2 107.4  21.9
2002  3  98.4  13.6
2002  4 120.7  24.6
2002  5 120.8  25.0
2002  6  88.3  29.5
2002  7  99.6  42.0
2002  8 116.4  36.3
2002  9 109.6  18.8
2002 10  97.5  22.1
2002 11  95.5  26.3
2002 12  80.8  35.8
2003  1  79.7  21.8
2003  2  46.0  21.6
2003  3  61.1  25.1
2003  4  60.0  29.1
2003  5  54.6  21.6
2003  6  77.4  22.7
2003  7  83.3  33.4
2003  8  72.7  10.6
2003  9  48.7  16.8
2003 10  65.5  46.1
2003 11  67.3  42.7
2003 12  46.5  22.4
2004  1  37.3  14.8
2004  2  45.8  13.8
2004  3  49.1  16.8
2004  4  39.3  14.8
2004  5  41.5  15.9
2004  6  43.2  19.1
2004  7  51.1  30.1
2004  8  40.9  18.6
2004  9  27.7  13.2
2004 10  48.0  35.3
2004 11  43.5  14.3
2004 12  17.9   7.0
2005  1  31.3  16.5
2005  2  29.2  16.0
2005  3  24.5  13.0
2005  4  24.2   8.2
2005  5  42.7  17.2
2005  6  39.3  21.0
2005  7  40.1  34.1
2005  8  36.4  11.9
2005  9  21.9  11.7
2005 10   8.7   5.2
2005 11  18.0   8.3
2005 12  41.1   9.9
2006  1  15.3   9.6
2006  2   4.9   5.4
2006  3  10.6   8.3
2006  4  30.2  14.6
2006  5  22.3  12.4
2006  6  13.9   9.7
2006  7  12.2   5.6
2006  8  12.9   6.6
2006  9  14.4   9.0
2006 10  10.5   8.7
2006 11  21.4  12.1
2006 12  13.6  10.9
2007  1  16.8   7.3
2007  2  10.7   7.4
2007  3   4.5   4.9
2007  4   3.4   6.2
2007  5  11.7   6.8
2007  6  12.1  13.0
2007  7   9.7   8.2
2007  8   6.0   4.2
2007  9   2.4   4.2
2007 10   0.9   2.8
2007 11   1.7   3.6
2007 12  10.1  10.6
2008  1   3.3   4.3
2008  2   2.1   3.8
2008  3   9.3  13.2
2008  4   2.9   4.4
2008  5   3.2   4.9
2008  6   3.4   3.9
2008  7   0.8   2.5
2008  8   0.5   1.9
2008  9   1.1   2.8
2008 10   2.9   4.3
2008 11   4.1   4.9
2008 12   0.8   2.6
2009  1   1.3   3.1
2009  2   1.4   3.0
2009  3   0.7   2.3
2009  4   0.8   2.3
2009  5   2.9   4.1
2009  6   2.9   4.3
2009  7   3.2   5.4
2009  8   0.0   0.0
2009  9   4.3   6.4
2009 10   4.8   7.6
2009 11   4.1   4.9
2009 12  10.8   9.0
2010  1  13.2   7.3
2010  2  18.8   9.3
2010  3  15.4   7.0
2010  4   8.0   8.4
2010  5   8.7   8.9
2010  6  13.6   7.8
2010  7  16.1   6.8
2010  8  19.6  11.9
2010  9  25.2  11.7
2010 10  23.5  13.7
2010 11  21.6  10.0
2010 12  14.5   8.4
2011  1  19.0   8.0
